0.006131
0.001264
0.000107
0.000100
0.000120
0.000104
0.004564
0.000023
0.051561
0.000016
0.000276
0.000812
0.026230
0.004343
0.053403
0.157410
0.467649
3.154477
0.004715
0.026788
0.004538
0.004683
0.004628
0.004755
0.005267
0.006201
0.004461
0.008108
0.004719
0.004742
0.004937
0.004825
0.004671
0.005620
0.004857
0.005745
0.004858
0.000018
0.004278
0.000148
0.000198
0.000129
0.000120
0.000153
0.000209
0.000113
0.000108
0.000256
0.000236
0.000225
0.005907
0.029703
0.027436
0.000286
0.000215
0.000265
0.004253
0.000167
0.000121
0.026490
0.028723
0.029055
0.001876
0.000121
0.000145
0.024693
0.025795
0.026106
0.001327
0.000299
0.029038
0.001189
0.000150
0.025895
0.000177
0.025106
0.000451
0.036535
0.000212
