0.056185
0.051766
0.053312
0.052774
0.051343
0.052414
0.051417
0.056027
0.053377
0.051501
0.161600
0.163054
0.162723
0.161853
0.175836
0.358118
0.187793
0.178195
0.168394
0.172900
0.382533
0.345724
0.368136
0.415839
0.347193
0.337470
0.345469
0.353617
0.356564
0.365859
0.866522
0.602219
0.616498
0.612722
0.616533
0.611885
0.617654
0.603572
0.653197
0.606687
0.957006
0.974557
1.144909
0.955306
0.945509
0.957224
0.931698
0.952861
0.939552
0.940540
1.390358
1.447607
1.367644
1.397779
1.400057
1.371397
1.422151
1.383900
1.387553
1.390155
1.918635
4.570946
1.967221
2.296399
6.827369
4.557863
1.948080
1.942655
4.707343
4.809041
8.100696
5.261452
5.320932
5.305386
5.164342
8.136499
5.432893
5.239718
5.358711
8.055141
3.481956
10.840492
6.051993
5.547508
8.953932
8.604204
8.437912
3.695061
8.435104
8.919343
9.127136
9.611086
9.425453
9.282565
9.754391
6.504358
12.663690
8.484586
12.378316
7.090561
