0.060060
0.055523
0.061519
0.072992
0.055517
0.056533
0.060180
0.053977
0.052953
0.053889
0.175860
0.166470
0.163053
0.178892
0.175132
0.180039
0.180715
0.183430
0.175985
0.178506
0.595618
0.370844
0.356804
0.388472
0.433723
0.377373
0.354647
0.354307
0.349866
0.375973
0.662949
0.628197
0.627060
0.619821
0.610047
0.651292
0.721526
1.051060
0.732477
0.668729
1.268746
1.081840
1.166565
1.178394
1.088569
1.012770
1.038753
1.015359
0.994460
1.196857
1.611784
1.553426
1.496340
1.453166
1.644688
1.554892
1.455394
1.483366
1.412297
1.791369
2.047410
2.047325
2.129739
2.126440
2.052332
2.055043
1.982647
1.944770
1.923709
1.992353
2.852262
2.691722
2.593864
2.640736
2.625920
2.854164
2.657915
2.653076
5.100519
2.613384
6.253082
8.605939
8.765543
6.066203
8.580032
8.497913
5.905908
5.866316
5.739214
9.079730
6.543853
9.200445
9.698041
6.791904
10.285683
9.129249
7.450559
11.680905
9.611733
9.459808
