0.332675
0.303255
0.317613
0.301977
0.281892
0.269801
0.274048
0.271781
0.279017
0.275771
0.544891
0.510605
0.495667
0.490300
0.502249
0.503340
0.499603
0.510003
0.503714
0.730548
0.846151
0.786036
0.794226
0.796927
0.795297
0.849510
0.824866
0.815329
0.841473
0.814485
1.230517
1.230136
1.513770
1.322230
1.395033
1.563245
1.333881
1.359501
1.258579
1.313646
1.991416
1.849916
1.797663
1.774267
1.834281
1.721110
1.930535
1.700546
1.696560
1.800171
2.263365
2.340556
2.309088
2.371652
2.310195
2.363162
2.509957
2.329450
2.297369
2.380989