0.010900
0.001092
0.000453
0.000462
0.000389
0.000582
0.000474
0.000442
0.000417
0.000563
0.000465
0.391552
0.036929
0.007299
0.011188
0.009003
0.007388
0.008096
0.007973
0.006443
0.008767
0.007163
1.402491
0.082518
0.013121
0.012598
0.012219
0.012432
0.012905
0.011187
0.012229
0.013075
0.014463
3.071894
0.131061
0.020161
0.031468
0.019311
0.020927
0.020393
0.022611
0.020474
0.020717
0.019599
5.559232
0.184532
0.027546
0.033729
0.026041
0.029124
0.026051
0.027004
0.026619
0.028355
0.028479
9.153341
0.249692
0.034688
0.034858
0.035674
0.034389
0.034508
0.034518
0.036239
0.035742
0.035163
13.409676
0.291158
0.056275
0.049811
0.050193
0.046900
0.049780
0.048879
0.049704
0.049092
0.067013
19.143931
0.362725
0.100910
0.057549
0.056500
0.055142
0.056121
0.055978
0.057331
0.069334
0.057455
24.919390
0.468344
0.075176
0.061644
0.061584
0.063312
0.061354
0.063272
0.060419
0.062515
0.063370
31.635157
0.491418
0.094871
0.083225
0.072551
0.091705
0.075255
0.099841
0.075150
0.074989
0.075152
41.918346
0.542360
0.092305
0.079917
0.077406
0.079454
0.080959
0.079087
0.080994
0.097123
0.079240